+---------------------------------------------------------------------------------------------------------------------------------------------------------------------------------------------------------------------------------------------+
; Legal Partition Candidates                                                                                                                                                                                                                  ;
+----------------------------------------+-------+----------------+--------------+----------------+--------+-----------------+---------------+-----------------+-------+----------------+--------------+------------------+-------------------+
; Hierarchy                              ; Input ; Constant Input ; Unused Input ; Floating Input ; Output ; Constant Output ; Unused Output ; Floating Output ; Bidir ; Constant Bidir ; Unused Bidir ; Input only Bidir ; Output only Bidir ;
+----------------------------------------+-------+----------------+--------------+----------------+--------+-----------------+---------------+-----------------+-------+----------------+--------------+------------------+-------------------+
; ParPort                                ; 19    ; 0              ; 0            ; 0              ; 17     ; 0               ; 0             ; 0               ; 0     ; 0              ; 0            ; 0                ; 0                 ;
; \Gen_IOController2:7:PortX             ; 42    ; 35             ; 8            ; 35             ; 25     ; 35              ; 35            ; 35              ; 9     ; 0              ; 0            ; 0                ; 0                 ;
; \Gen_IOController2:6:PortX             ; 42    ; 35             ; 8            ; 35             ; 25     ; 35              ; 35            ; 35              ; 9     ; 0              ; 0            ; 0                ; 0                 ;
; \Gen_IOController2:5:PortX             ; 42    ; 35             ; 8            ; 35             ; 25     ; 35              ; 35            ; 35              ; 9     ; 0              ; 0            ; 0                ; 0                 ;
; \Gen_IOController1:3:PortX             ; 42    ; 35             ; 8            ; 35             ; 25     ; 35              ; 35            ; 35              ; 9     ; 0              ; 0            ; 0                ; 0                 ;
; \Gen_IOController1:2:PortX             ; 42    ; 35             ; 8            ; 35             ; 25     ; 35              ; 35            ; 35              ; 9     ; 0              ; 0            ; 0                ; 0                 ;
; \Gen_IOController1:1:PortX             ; 42    ; 35             ; 8            ; 35             ; 25     ; 35              ; 35            ; 35              ; 9     ; 0              ; 0            ; 0                ; 0                 ;
; \Gen_IOController1:0:PortX             ; 42    ; 35             ; 8            ; 35             ; 25     ; 35              ; 35            ; 35              ; 9     ; 0              ; 0            ; 0                ; 0                 ;
; Port4|DedicatedPort|ClkDiv|FreqDoubler ; 1     ; 0              ; 0            ; 0              ; 1      ; 0               ; 0             ; 0               ; 0     ; 0              ; 0            ; 0                ; 0                 ;
; Port4|DedicatedPort|ClkDiv             ; 4     ; 3              ; 0            ; 3              ; 1      ; 3               ; 3             ; 3               ; 0     ; 0              ; 0            ; 0                ; 0                 ;
; Port4|DedicatedPort                    ; 32    ; 15             ; 7            ; 15             ; 34     ; 15              ; 15            ; 15              ; 0     ; 0              ; 0            ; 0                ; 0                 ;
; Port4|GenericPort                      ; 42    ; 7              ; 8            ; 7              ; 25     ; 7               ; 7             ; 7               ; 9     ; 0              ; 0            ; 0                ; 0                 ;
; Port4                                  ; 24    ; 0              ; 0            ; 0              ; 16     ; 0               ; 0             ; 0               ; 9     ; 0              ; 0            ; 0                ; 0                 ;
; FSMCCtrl                               ; 25    ; 0              ; 0            ; 0              ; 24     ; 0               ; 0             ; 0               ; 16    ; 0              ; 0            ; 0                ; 0                 ;
+----------------------------------------+-------+----------------+--------------+----------------+--------+-----------------+---------------+-----------------+-------+----------------+--------------+------------------+-------------------+
